65536 0.00 0.01 145.79 #started
65536 0.01 0.09 8.43 #progress
65536 0.02 0.16 7.57 #progress
65536 0.03 0.23 7.37 #progress
65536 0.04 0.30 7.28 #progress
65536 0.05 0.36 7.05 #progress
65536 0.06 0.42 6.88 #progress
65536 0.07 0.48 6.75 #progress
65536 0.08 0.54 6.64 #progress
65536 0.09 0.59 6.54 #progress
65536 0.10 0.65 6.48 #progress
65536 0.11 0.71 6.41 #progress
65536 0.12 0.76 6.33 #progress
65536 0.13 0.82 6.26 #progress
65536 0.14 0.87 6.19 #progress
65536 0.15 0.92 6.12 #progress
65536 0.16 0.97 6.06 #progress
65536 0.17 1.03 5.03 #progress
65536 0.18 1.08 5.00 #progress
65536 0.19 1.14 4.96 #progress
65536 0.20 1.19 4.92 #progress
65536 0.21 1.24 4.88 #progress
65536 0.22 1.29 4.86 #progress
65536 0.23 1.34 4.83 #progress
65536 0.24 1.40 4.81 #progress
65536 0.25 1.45 4.79 #progress
65536 0.26 1.51 4.78 #progress
65536 0.27 1.56 4.76 #progress
65536 0.28 1.62 4.76 #progress
65536 0.29 1.67 4.75 #progress
65536 0.30 1.72 4.74 #progress
65536 0.31 1.78 4.72 #progress
65536 0.32 1.83 4.71 #progress
65536 0.33 1.89 4.71 #progress
65536 0.34 1.94 4.69 #progress
65536 0.35 1.99 4.68 #progress
65536 0.36 2.05 3.68 #progress
65536 0.37 2.10 3.67 #progress
65536 0.38 2.16 3.66 #progress
65536 0.39 2.21 3.66 #progress
65536 0.40 2.27 3.66 #progress
65536 0.41 2.32 3.65 #progress
65536 0.42 2.37 3.64 #progress
65536 0.43 2.42 3.63 #progress
65536 0.44 2.48 3.62 #progress
65536 0.45 2.53 3.62 #progress
65536 0.46 2.58 3.61 #progress
65536 0.47 2.64 3.60 #progress
65536 0.48 2.69 3.60 #progress
65536 0.49 2.74 3.59 #progress
65536 0.50 2.80 3.59 #progress
65536 0.51 2.86 3.60 #progress
65536 0.52 2.92 3.61 #progress
65536 0.53 2.98 3.61 #progress
65536 0.54 3.03 2.61 #progress
65536 0.55 3.09 2.61 #progress
65536 0.56 3.14 2.61 #progress
65536 0.57 3.20 2.60 #progress
65536 0.58 3.25 2.60 #progress
65536 0.59 3.30 2.60 #progress
65536 0.60 3.36 2.59 #progress
65536 0.61 3.41 2.59 #progress
65536 0.62 3.47 2.59 #progress
65536 0.63 3.52 2.59 #progress
65536 0.64 3.58 2.58 #progress
65536 0.65 3.64 2.59 #progress
65536 0.66 3.69 2.59 #progress
65536 0.67 3.75 2.59 #progress
65536 0.68 3.81 2.59 #progress
65536 0.69 3.87 2.60 #progress
65536 0.70 3.93 2.61 #progress
65536 0.71 3.99 2.62 #progress
65536 0.72 4.06 1.64 #progress
65536 0.73 4.13 1.66 #progress
65536 0.74 4.20 1.67 #progress
65536 0.75 4.26 1.68 #progress
65536 0.76 4.31 1.67 #progress
65536 0.77 4.37 1.68 #progress
65536 0.78 4.43 1.68 #progress
65536 0.79 4.50 1.69 #progress
65536 0.80 4.56 1.69 #progress
65536 0.81 4.62 1.70 #progress
65536 0.82 4.68 1.70 #progress
65536 0.83 4.74 1.71 #progress
65536 0.84 4.80 1.72 #progress
65536 0.85 4.87 1.73 #progress
65536 0.86 4.93 1.74 #progress
65536 0.87 4.99 1.74 #progress
65536 0.88 5.06 0.75 #progress
65536 0.89 5.12 0.76 #progress
65536 0.90 5.18 0.76 #progress
65536 0.91 5.25 0.76 #progress
65536 0.92 5.31 0.77 #progress
65536 0.93 5.37 0.77 #progress
65536 0.94 5.42 0.77 #progress
65536 0.95 5.48 0.77 #progress
65536 0.96 5.54 0.77 #progress
65536 0.97 5.61 0.78 #progress
65536 0.98 5.67 0.79 #progress
65536 0.99 5.74 0.79 #progress
65536 1.00 5.80 0.00 #completed
65537 0.00 0.01 146.97 #started
65537 0.01 2.69 262.73 #progress
65537 0.02 3.98 194.39 #progress
65537 0.03 5.33 171.86 #progress
65537 0.04 6.58 157.82 #progress
65537 0.05 7.83 149.16 #progress
65537 0.06 9.37 146.85 #progress
65537 0.07 10.94 146.05 #progress
65537 0.08 12.85 148.33 #progress
65537 0.09 14.69 149.01 #progress
65537 0.10 16.39 147.74 #progress
65537 0.11 18.38 148.29 #progress
65537 0.15 30.13 169.90 #progress
65537 0.16 34.66 182.05 #progress
65537 0.17 39.62 193.09 #progress
65537 0.18 44.09 200.45 #progress
65537 0.19 49.16 208.83 #progress
65537 0.20 54.36 217.31 #progress
65537 0.21 59.51 222.98 #progress
65537 0.22 62.43 220.60 #progress
65537 0.23 65.37 218.24 #progress
65537 0.24 68.26 215.60 #progress
65537 0.25 72.05 215.53 #progress
65537 0.26 74.73 212.94 #progress
65537 0.27 77.26 208.78 #progress
65537 0.28 79.52 204.79 #progress
65537 0.30 80.90 189.56 #progress
65537 0.31 83.39 185.86 #progress
65537 0.32 85.29 181.36 #progress
65537 0.33 87.77 178.61 #progress
65537 0.34 88.79 173.05 #progress
65537 0.35 89.65 167.02 #progress
65537 0.36 90.99 162.38 #progress
65537 0.37 92.90 158.76 #progress
65537 0.38 94.66 154.92 #progress
65537 0.39 98.70 155.01 #progress
65537 0.40 101.52 152.70 #progress
65537 0.41 105.13 151.32 #progress
65537 0.42 108.50 149.84 #progress
65537 0.43 112.53 149.45 #progress
65537 0.44 122.27 155.63 #progress
65537 0.45 128.34 156.94 #progress
65537 0.46 136.90 161.20 #progress
65537 0.47 163.91 184.20 #progress
65537 0.48 166.24 179.88 #progress
65537 0.49 201.35 209.43 #progress
65537 0.50 206.14 205.92 #progress
65537 0.51 210.59 202.55 #progress
65537 0.52 250.91 232.28 #progress
65537 0.53 307.13 272.30 #progress
65537 0.54 325.34 277.33 #progress
65537 0.55 332.19 271.86 #progress
65537 0.56 332.58 261.77 #progress
65537 0.57 349.30 263.45 #progress
65537 0.58 354.82 257.61 #progress
65537 0.59 355.23 246.95 #progress
65537 0.60 372.86 249.32 #progress
65537 0.61 440.99 282.81 #progress
65537 0.62 441.42 270.82 #progress
65537 0.63 442.05 259.55 #progress
65537 0.64 442.32 248.99 #progress
65537 0.65 442.55 238.73 #progress
65537 0.66 442.79 228.76 #progress
65537 0.67 442.94 219.00 #progress
65537 0.68 444.08 208.93 #progress
65537 0.69 445.32 200.29 #progress
65537 0.70 446.15 191.20 #progress
65537 0.81 446.59 104.38 #progress
65537 0.82 450.58 99.39 #progress
65537 0.85 452.61 79.68 #progress
65537 0.88 461.42 66.13 #progress
65537 1.00 514.95 0.89 #progress
65537 1.00 517.18 0.00 #completed
20584 0.00 0.26 0.00 #started
20584 1.00 0.26 0.00 #completed
20584 0.00 0.26 0.00 #started
20584 1.00 0.26 0.00 #completed
20584 0.00 0.26 0.00 #started
20584 1.00 0.26 0.00 #completed
20584 0.00 0.26 0.00 #started
20584 1.00 0.27 0.00 #completed
20584 0.00 0.27 0.00 #started
20584 1.00 0.27 0.00 #completed
20584 0.00 0.27 0.00 #started
20584 1.00 0.27 0.00 #completed
20584 0.00 0.27 0.00 #started
20584 1.00 0.27 0.00 #completed
20584 0.00 0.27 0.00 #started
20584 1.00 0.27 0.00 #completed
20576 0.00 0.00 1.55 #started
20576 1.00 0.00 0.02 #completed
20576 0.00 0.00 0.01 #started
20576 1.00 0.01 0.01 #completed
20576 0.00 0.01 0.01 #started
20576 1.00 0.02 193.19 #completed
20576 0.00 0.02 198.01 #started
20576 0.06 0.16 2.52 #progress
20576 0.07 0.16 2.32 #progress
20576 0.08 0.17 2.05 #progress
20576 0.09 0.17 1.86 #progress
20576 0.10 0.17 1.69 #progress
20576 0.11 0.17 1.55 #progress
20576 0.12 0.17 1.45 #progress
20576 0.13 0.18 1.35 #progress
20576 0.14 0.18 1.27 #progress
20576 0.15 0.18 1.20 #progress
20576 0.16 0.18 1.14 #progress
20576 0.17 0.18 1.08 #progress
20576 0.18 0.19 1.04 #progress
20576 0.19 0.19 0.99 #progress
20576 0.20 0.19 0.95 #progress
20576 0.21 0.19 0.92 #progress
20576 0.22 0.20 0.89 #progress
20576 0.23 0.20 0.86 #progress
20576 0.24 0.20 0.83 #progress
20576 0.25 0.20 0.81 #progress
20576 0.26 0.20 0.78 #progress
20576 0.27 0.21 0.76 #progress
20576 0.28 0.21 0.74 #progress
20576 0.29 0.21 0.72 #progress
20576 0.30 0.21 0.71 #progress
20576 0.31 0.22 0.69 #progress
20576 0.32 0.22 0.68 #progress
20576 0.33 0.22 0.66 #progress
20576 0.34 0.22 0.65 #progress
20576 0.35 0.22 0.64 #progress
20576 0.36 0.23 0.62 #progress
20576 0.37 0.23 0.61 #progress
20576 0.38 0.23 0.60 #progress
20576 0.39 0.23 0.59 #progress
20576 0.40 0.23 0.58 #progress
20576 0.41 0.24 0.57 #progress
20576 0.42 0.24 0.57 #progress
20576 0.43 0.24 0.56 #progress
20576 0.44 0.24 0.55 #progress
20576 0.45 0.24 0.54 #progress
20576 0.46 0.25 0.53 #progress
20576 0.47 0.25 0.53 #progress
20576 0.48 0.25 0.52 #progress
20576 0.49 0.25 0.51 #progress
20576 0.50 0.25 0.51 #progress
20576 0.51 0.26 0.50 #progress
20576 0.52 0.26 0.50 #progress
20576 0.53 0.26 0.49 #progress
20576 0.54 0.26 0.49 #progress
20576 0.55 0.26 0.48 #progress
20576 0.56 0.27 0.48 #progress
20576 0.57 0.27 0.47 #progress
20576 0.58 0.27 0.47 #progress
20576 0.59 0.27 0.46 #progress
20576 0.60 0.27 0.46 #progress
20576 0.61 0.28 0.45 #progress
20576 0.62 0.28 0.45 #progress
20576 0.63 0.28 0.45 #progress
20576 0.64 0.28 0.44 #progress
20576 0.65 0.29 0.44 #progress
20576 0.66 0.29 0.43 #progress
20576 0.67 0.29 0.43 #progress
20576 0.68 0.29 0.43 #progress
20576 0.69 0.29 0.43 #progress
20576 0.70 0.30 0.42 #progress
20576 0.71 0.30 0.42 #progress
20576 0.72 0.30 0.42 #progress
20576 0.73 0.30 0.41 #progress
20576 0.74 0.30 0.41 #progress
20576 0.75 0.31 0.41 #progress
20576 0.76 0.31 0.41 #progress
20576 0.77 0.31 0.40 #progress
20576 0.78 0.31 0.40 #progress
20576 0.79 0.32 0.40 #progress
20576 1.00 0.01 73.39 #completed
20576 0.00 0.01 79.46 #started
20576 0.25 0.02 0.10 #progress
20576 0.25 0.02 0.09 #progress
20576 0.26 0.02 0.09 #progress
20576 0.27 0.02 0.09 #progress
20576 0.28 0.03 0.09 #progress
20576 0.29 0.03 0.09 #progress
20576 0.30 0.03 0.09 #progress
20576 0.31 0.03 0.08 #progress
20576 0.32 0.03 0.08 #progress
20576 0.34 0.03 0.08 #progress
20576 0.34 0.03 0.08 #progress
20576 0.35 0.03 0.08 #progress
20576 0.36 0.03 0.08 #progress
20576 0.37 0.03 0.08 #progress
20576 0.38 0.03 0.08 #progress
20576 0.39 0.03 0.07 #progress
20576 0.40 0.03 0.07 #progress
20576 0.41 0.03 0.07 #progress
20576 0.42 0.03 0.07 #progress
20576 0.44 0.03 0.07 #progress
20576 0.44 0.03 0.07 #progress
20576 0.45 0.03 0.07 #progress
20576 0.46 0.03 0.07 #progress
20576 0.47 0.03 0.07 #progress
20576 0.48 0.03 0.07 #progress
20576 0.49 0.03 0.07 #progress
20576 0.50 0.03 0.07 #progress
20576 0.51 0.03 0.07 #progress
20576 0.52 0.03 0.07 #progress
20576 0.54 0.03 0.06 #progress
20576 0.54 0.03 0.06 #progress
20576 0.55 0.03 0.06 #progress
20576 0.56 0.04 0.06 #progress
20576 0.57 0.04 0.06 #progress
20576 0.58 0.04 0.06 #progress
20576 0.59 0.04 0.06 #progress
20576 0.60 0.04 0.06 #progress
20576 0.61 0.04 0.06 #progress
20576 0.62 0.04 0.06 #progress
20576 0.64 0.04 0.06 #progress
20576 0.64 0.04 0.06 #progress
20576 0.65 0.04 0.06 #progress
20576 0.66 0.04 0.06 #progress
20576 0.67 0.04 0.06 #progress
20576 0.68 0.04 0.06 #progress
20576 0.69 0.04 0.06 #progress
20576 0.70 0.04 0.06 #progress
20576 0.71 0.04 0.06 #progress
20576 0.72 0.04 0.06 #progress
20576 0.74 0.04 0.06 #progress
20576 0.74 0.04 0.06 #progress
20576 0.75 0.04 0.06 #progress
20576 0.76 0.04 0.06 #progress
20576 0.77 0.04 0.06 #progress
20576 0.78 0.04 0.06 #progress
20576 0.79 0.04 0.06 #progress
20576 1.00 0.00 0.01 #completed
20576 0.00 0.00 0.01 #started
20576 0.52 0.01 0.01 #progress
20576 0.56 0.01 0.01 #progress
20576 0.60 0.01 0.01 #progress
20576 0.64 0.01 0.01 #progress
20576 0.68 0.01 0.01 #progress
20576 0.72 0.01 0.01 #progress
20576 0.76 0.01 0.01 #progress
20576 1.00 0.01 0.06 #completed
20576 0.00 0.01 0.05 #started
20576 0.24 0.01 0.03 #progress
20576 0.25 0.01 0.03 #progress
20576 0.27 0.01 0.03 #progress
20576 0.28 0.01 0.03 #progress
20576 0.29 0.01 0.03 #progress
20576 0.31 0.01 0.03 #progress
20576 0.32 0.01 0.03 #progress
20576 0.34 0.01 0.03 #progress
20576 0.35 0.01 0.03 #progress
20576 0.36 0.01 0.03 #progress
20576 0.38 0.01 0.03 #progress
20576 0.39 0.01 0.03 #progress
20576 0.41 0.01 0.03 #progress
20576 0.42 0.01 0.03 #progress
20576 0.44 0.01 0.03 #progress
20576 0.45 0.01 0.03 #progress
20576 0.46 0.01 0.03 #progress
20576 0.48 0.01 0.02 #progress
20576 0.49 0.01 0.02 #progress
20576 0.51 0.01 0.02 #progress
20576 0.52 0.01 0.02 #progress
20576 0.53 0.01 0.02 #progress
20576 0.55 0.01 0.02 #progress
20576 0.56 0.01 0.02 #progress
20576 0.58 0.01 0.02 #progress
20576 0.59 0.01 0.02 #progress
20576 0.60 0.01 0.02 #progress
20576 0.62 0.01 0.02 #progress
20576 0.63 0.01 0.02 #progress
20576 0.65 0.01 0.02 #progress
20576 0.66 0.01 0.02 #progress
20576 0.67 0.02 0.02 #progress
20576 0.69 0.02 0.02 #progress
20576 0.70 0.02 0.02 #progress
20576 0.72 0.02 0.02 #progress
20576 0.73 0.02 0.02 #progress
20576 0.74 0.02 0.02 #progress
20576 0.76 0.02 0.02 #progress
20576 0.77 0.02 0.02 #progress
20576 0.79 0.02 0.02 #progress
20576 1.00 0.01 0.17 #completed
20576 0.00 0.01 0.15 #started
20576 0.09 0.01 0.13 #progress
20576 0.10 0.01 0.12 #progress
20576 0.11 0.01 0.11 #progress
20576 0.12 0.01 0.11 #progress
20576 0.13 0.01 0.10 #progress
20576 0.14 0.01 0.09 #progress
20576 0.15 0.01 0.09 #progress
20576 0.16 0.01 0.09 #progress
20576 0.17 0.01 0.08 #progress
20576 0.18 0.02 0.08 #progress
20576 0.19 0.02 0.08 #progress
20576 0.20 0.02 0.08 #progress
20576 0.21 0.02 0.08 #progress
20576 0.22 0.02 0.08 #progress
20576 0.23 0.02 0.07 #progress
20576 0.24 0.02 0.07 #progress
20576 0.25 0.02 0.07 #progress
20576 0.26 0.02 0.07 #progress
20576 0.27 0.02 0.07 #progress
20576 0.28 0.02 0.07 #progress
20576 0.30 0.02 0.07 #progress
20576 0.30 0.02 0.07 #progress
20576 0.31 0.02 0.07 #progress
20576 0.32 0.02 0.06 #progress
20576 0.33 0.02 0.06 #progress
20576 0.34 0.02 0.06 #progress
20576 0.35 0.02 0.06 #progress
20576 0.37 0.02 0.06 #progress
20576 0.37 0.02 0.06 #progress
20576 0.38 0.02 0.06 #progress
20576 0.39 0.02 0.06 #progress
20576 0.40 0.02 0.06 #progress
20576 0.41 0.02 0.06 #progress
20576 0.42 0.02 0.06 #progress
20576 0.43 0.03 0.06 #progress
20576 0.44 0.03 0.06 #progress
20576 0.45 0.03 0.06 #progress
20576 0.46 0.03 0.06 #progress
20576 0.47 0.03 0.06 #progress
20576 0.48 0.03 0.06 #progress
20576 0.49 0.03 0.06 #progress
20576 0.50 0.03 0.06 #progress
20576 0.51 0.03 0.06 #progress
20576 0.52 0.03 0.06 #progress
20576 0.53 0.03 0.06 #progress
20576 0.54 0.03 0.05 #progress
20576 0.55 0.03 0.05 #progress
20576 0.56 0.03 0.05 #progress
20576 0.57 0.03 0.05 #progress
20576 0.59 0.03 0.05 #progress
20576 0.59 0.03 0.05 #progress
20576 0.60 0.03 0.05 #progress
20576 0.61 0.03 0.05 #progress
20576 0.62 0.03 0.05 #progress
20576 0.63 0.03 0.05 #progress
20576 0.64 0.03 0.05 #progress
20576 0.66 0.03 0.05 #progress
20576 0.66 0.03 0.05 #progress
20576 0.67 0.04 0.05 #progress
20576 0.68 0.04 0.05 #progress
20576 0.69 0.04 0.05 #progress
20576 0.70 0.04 0.05 #progress
20576 0.71 0.04 0.05 #progress
20576 0.72 0.04 0.05 #progress
20576 0.73 0.04 0.05 #progress
20576 0.74 0.04 0.05 #progress
20576 0.75 0.04 0.05 #progress
20576 0.76 0.04 0.05 #progress
20576 0.77 0.04 0.05 #progress
20576 0.78 0.04 0.05 #progress
20576 0.79 0.04 0.05 #progress
20576 1.00 0.18 0.00 #completed
